2
31
36
38
55
63
96
111
120
136
12
44
77
85
90
107
116
143
144
153
5
24
29
35
42
48
100
108
123
140
152
161
25
45
72
93
95
109
117
138
41
49
121
133
164
3
9
34
40
78
79
83
101
127
30
32
67
94
122
129
135
150
156
0
4
10
86
104
119
163
73
98
126
21
68
74
84
102
6
50
70
88
19
26
64
75
18
106
159
154
13
53
57
80
91
99
148
158
28
58
103
112
69
125
132
145
131
1
37
66
87
124
137
22
118
157
39
81
89
92
134
14
20
59
105
141
147
56
114
128
146
155
162
11
62
130
149
23
142
46
110
8
51
27
76
17
160
33
97
60
52
113
16
47
43
115
15
61
151
54
71
139
82
65
7
